   precision    recall  f1-score   support

           0       0.74      0.98      0.84       620
           1       1.00      0.19      0.32        16
           2       1.00      0.12      0.22         8
           3       0.00      0.00      0.00         5
           4       1.00      0.67      0.80        12
           5       0.00      0.00      0.00         1
           6       0.00      0.00      0.00        21
           7       0.00      0.00      0.00        13
           8       0.00      0.00      0.00         9
           9       0.00      0.00      0.00        15
          10       0.93      0.84      0.88        98
          11       0.00      0.00      0.00         2
          12       0.96      0.99      0.97      1040
          13       1.00      0.29      0.44         7
          14       0.00      0.00      0.00         8
          15       1.00      0.57      0.73        14
          16       0.92      0.60      0.73        20
          17       0.67      0.29      0.40         7
          18       0.00      0.00      0.00         2
          19       0.00      0.00      0.00         4
          20       0.00      0.00      0.00         1
          21       0.00      0.00      0.00         1
          22       0.00      0.00      0.00         2
          23       0.00      0.00      0.00         1
          24       0.00      0.00      0.00        57
          25       0.00      0.00      0.00         9
          26       0.00      0.00      0.00        11
          27       0.00      0.00      0.00         1
          28       0.00      0.00      0.00        10
          29       0.00      0.00      0.00         4
          30       1.00      0.50      0.67         2
          31       1.00      0.40      0.57         5
          32       0.00      0.00      0.00         4
          33       0.00      0.00      0.00         1
          34       0.75      0.59      0.66        69
          35       0.93      0.82      0.87        17
          36       0.00      0.00      0.00         1
          37       0.00      0.00      0.00        11
          38       0.00      0.00      0.00         1
          39       1.00      0.33      0.50         6
          40       0.00      0.00      0.00         6
          41       0.00      0.00      0.00         2
          42       0.00      0.00      0.00         3
          43       0.00      0.00      0.00         1
          44       1.00      0.75      0.86         8
          45       0.00      0.00      0.00         1
          46       0.00      0.00      0.00         1
          47       0.00      0.00      0.00         9
          48       0.00      0.00      0.00        35
          49       0.00      0.00      0.00         6
          50       1.00      0.75      0.86        24
          51       0.00      0.00      0.00         3
          52       1.00      0.20      0.33        10
          53       0.78      0.89      0.83        73
          54       1.00      0.36      0.53        11
          55       0.00      0.00      0.00         8
          56       0.00      0.00      0.00         6
          57       0.00      0.00      0.00         4

    accuracy                           0.81      2347
   macro avg       0.32      0.19      0.22      2347
weighted avg       0.77      0.81      0.78      2347