       precision    recall  f1-score   support

           0       0.63      0.95      0.76       643
           1       0.00      0.00      0.00        20
           2       0.00      0.00      0.00        12
           3       0.00      0.00      0.00        28
           4       0.00      0.00      0.00        18
           5       0.00      0.00      0.00         1
           6       0.00      0.00      0.00        15
           7       0.00      0.00      0.00         2
           8       0.00      0.00      0.00         3
           9       0.00      0.00      0.00        27
          10       0.00      0.00      0.00        17
          11       0.00      0.00      0.00         1
          12       0.00      0.00      0.00        48
          13       0.00      0.00      0.00        20
          14       0.00      0.00      0.00         2
          15       0.00      0.00      0.00         1
          16       0.00      0.00      0.00        26
          17       0.00      0.00      0.00       161
          18       0.00      0.00      0.00         1
          19       0.00      0.00      0.00        31
          20       0.00      0.00      0.00         3
          21       0.00      0.00      0.00      1044
          22       0.00      0.00      0.00         1
          23       0.01      0.10      0.01        10
          24       0.00      0.00      0.00        14
          25       0.00      0.00      0.00        34
          26       0.00      0.00      0.00        28
          27       0.00      0.00      0.00       134
          28       0.00      0.50      0.00         4
          29       0.00      0.00      0.00         1
          30       0.00      0.00      0.00         5
          31       0.00      0.00      0.00         6
          32       0.00      0.00      0.00         3
          33       0.00      0.00      0.00         5
          34       0.00      0.00      0.00         1
          35       0.00      0.00      0.00       100
          36       0.00      0.00      0.00        10
          37       0.00      0.00      0.00        12
          38       0.00      0.00      0.00         1
          39       0.00      0.00      0.00        18
          40       0.00      0.00      0.00         2
          41       0.00      0.00      0.00        14
          42       0.00      0.00      0.00         2
          43       0.00      0.00      0.00         1
          44       0.00      0.00      0.00        24
          45       0.00      0.00      0.00         6
          46       0.00      0.00      0.00        18
          47       0.00      0.00      0.00       141
          48       0.00      0.00      0.00        23
          49       0.00      0.00      0.00         4
          50       0.00      0.00      0.00        29
          51       0.00      0.00      0.00         1
          52       0.00      0.00      0.00         1
          53       0.00      0.00      0.00         2
          54       0.00      0.00      0.00         6
          55       0.00      0.00      0.00        44
          56       0.00      0.00      0.00         8
          57       0.00      0.00      0.00         1
          58       0.00      0.00      0.00        10
          59       0.00      0.00      0.00         1
          60       0.00      0.00      0.00        12
          61       0.00      0.00      0.00         6
          62       0.00      0.00      0.00         3
          63       0.00      0.00      0.00         3
          64       0.00      0.00      0.00         1
          65       0.00      0.00      0.00         3
          66       0.00      0.00      0.00         9
          67       0.00      0.00      0.00        14
          68       0.00      0.00      0.00         2
          69       0.00      0.00      0.00        24
          70       0.00      0.00      0.00        12
          71       0.00      0.00      0.00         1
          72       0.00      0.00      0.00         1
          73       0.00      0.00      0.00        85
          74       0.00      0.00      0.00         7
          75       0.00      0.00      0.00        10
          76       0.00      0.00      0.00        12
          77       0.00      0.00      0.00        11
          78       0.00      0.00      0.00        29
          79       0.00      0.00      0.00        11
          80       0.00      0.00      0.00        35
          81       0.00      0.00      0.00         1
          82       0.00      0.00      0.00         2
          83       0.00      0.00      0.00         5
          84       0.00      0.00      0.00         4
          85       0.00      0.00      0.00        12
          86       0.00      0.00      0.00       113
          87       0.00      0.00      0.00        37
          88       0.00      0.00      0.00        66
          89       0.00      0.00      0.00         9
          90       0.00      0.00      0.00        12
          91       0.00      0.00      0.00        12
         107       0.00      0.00      0.00         0

    accuracy                           0.18      3413
   macro avg       0.01      0.02      0.01      3413
weighted avg       0.12      0.18      0.14      3413